1784606772 11092848
1784606832 14860396
1784606892 17248632
1784606952 21139836
1784607012 23593348
1784607072 18445600
1784607132 18817900
1784607192 18982584
1784607252 19543260
1784607312 21394048
1784607372 17547936
1784607432 21484364
1784607492 24445708
1784607552 26287368
1784607612 26708556
1784607672 14300644
1784607732 17125552
1784607792 17185136
1784607852 18127168
1784607912 18600784
1784607972 12951124
1784608032 15732932
1784608092 18104912
1784608153 20436476
1784608213 15797248
1784608273 19346480
1784608333 20961296
1784608393 21413628
1784608453 21771040
1784608513 14282800
